%YAML:1.0
---
cameraMatrix: !!opencv-matrix
   rows: 3
   cols: 3
   dt: d
   data: [ 961.12594726543773, 0., 650.73357225623818, 0.,
       961.12594726543773, 363.2349892414212, 0., 0., 1. ]
distCoeffs: [ -0.04604605129436342, 0.36179287546901928,
    0.0049383826745745809, 0.003459555444557711, -0.96050942110771997 ]
reprojectionError: 0.910275067711384
